0.0,3.17689731722,3.28217224421,3.10401837683,3.10961019162,2.97077525872,2.78318212467,2.81175382324,2.86816714439,2.88307137759,2.88307137759,2.85693395149,2.83673969343,2.57878848271,2.57878848271,2.57878848271,2.70116198766,2.78940797611,2.68737507731,2.74971897244,2.76452957893,2.79878943188,2.88356544775,2.65146904521,2.65604386657,2.55433794916,2.55433794916,2.55433794916,2.55433794916,2.54943392247,2.53820688092,2.38105690232,2.7299464095,2.72520534968,2.69153467734,2.39245311131,2.54405110566,2.57100524615,2.47666193749,2.71868455268,2.63203389402,2.63922683095,2.70192838393,2.66404562937,2.63127552639,2.58904317491,2.61918377369,2.61918377369,2.61466312928,2.61466312928,2.49382072493,2.13622088105,2.47753499677,2.65140640017,2.59523415063,2.60295462352,2.61784174789,2.60426601748,2.66019966205,2.58754993196,2.57927017786,2.51899480301,2.3686372575,2.50648101144,2.50648101144,2.36318352467,2.51235352693,2.44252671127,2.51570062576,2.48931542265,2.5532102438,2.48512774543,2.4946090095,2.4946090095,2.4544045153,2.45644236472,2.51453199509,2.49248609013,2.49205031028,2.49933866288,2.50456085319,2.5019564628,2.46064679433,2.46402495627,2.70233962082,2.66528436984,2.65557799245,
3.17689731722,0.0,1.12535950833,2.98104984559,2.96966035407,2.80048161979,2.48485013876,2.50014759079,2.66304960692,2.65887607189,2.65887607189,2.54881755351,2.51817187839,2.21320704876,2.21320704876,2.21320704876,2.49901234342,2.57449993024,2.46779384438,2.19729707499,2.59228386076,2.61563642214,2.70547121628,2.40017512699,2.40486658863,2.32510767239,2.32510767239,2.32510767239,2.32510767239,2.67827910456,2.25575998763,2.39035510785,2.44288955392,2.5517484285,2.51323370309,2.49691927266,2.3321226052,2.3397916657,2.3169961805,2.50072013772,2.42071082784,2.36752239041,2.47270555754,2.4075067486,2.39796583578,2.46579402471,2.34904610828,2.34904610828,2.35926683004,2.35926683004,2.30511182736,2.21828723622,2.25670816672,2.41114694884,2.35846350648,2.33639208522,2.3633832219,2.2733857053,2.3477402867,2.28160568034,2.26257582054,2.35800202173,2.09542257174,2.29780694276,2.29780694276,2.13961529213,2.23776711432,2.21752607869,2.15772981873,2.22770197526,2.21406377921,2.20130851657,2.20899099329,2.20899099329,2.19592402701,2.19727583711,2.21657087554,2.21485591453,2.18923498456,2.19944538553,2.20351342041,2.23889613315,2.16433234488,2.14980225451,2.35572831689,2.38868185063,2.34677408388,
3.28217224421,1.12535950833,0.0,3.05942532346,3.04829253257,2.88848243758,2.55856792488,2.3316727268,2.75173642585,2.74606271334,2.74606271334,2.64008384172,2.61227267165,2.17614755704,2.17614755704,2.17614755704,2.59429590148,2.66984291158,2.56178364507,2.30335299841,2.69093611217,2.70426761752,2.7912055811,2.48085965945,2.48292315854,2.4254204161,2.4254204161,2.4254204161,2.4254204161,2.7667717135,2.60976767712,2.70440145356,2.53718416692,2.65665689288,2.6183590004,2.59091655523,2.42688387156,2.43983178284,2.42566784306,2.59836563952,2.51742322477,2.46847152334,2.56846476861,2.51000612809,2.49908372511,2.5596743185,2.45038071198,2.45038071198,2.4593159223,2.4593159223,2.40854401071,2.32418843389,2.36058613786,2.50704204783,2.45668290337,2.43312335373,2.45687945097,2.36372048747,2.43664428112,2.38040470161,2.37636237606,2.45732635986,2.20505723916,2.39996907869,2.39996907869,2.27326541941,2.34609092577,2.31635014562,2.26041178324,2.33399898474,2.31976051465,2.30817751901,2.31520289624,2.31520289624,2.29657267757,2.29881045004,2.32340300486,2.31994487107,2.29713715548,2.30666918146,2.31116046347,2.34411084093,2.26432762801,2.24815332274,2.4556520314,2.48748581607,2.44731825315,
3.10401837683,2.98104984559,3.05942532346,0.0,2.92107285852,2.71181970744,2.69349426994,2.67941604825,2.63549093982,2.65567699432,2.65567699432,2.55767903277,2.54384781675,2.36522204075,2.36522204075,2.36522204075,2.39853817177,2.47667049591,2.46746894902,2.50814840046,2.50057099943,2.5586344546,2.64020025933,2.4104174708,2.41959076574,2.25899272893,2.25899272893,2.25899272893,2.25899272893,2.59175109854,2.44948072482,2.53372601435,2.47293270508,2.51118408959,2.47268596804,2.32339592145,2.38609549251,2.35045987026,2.31084313372,2.44586288582,2.38388896891,2.36049451978,2.45789195733,2.25243380997,2.29786585164,2.4222536,2.31627377294,2.31627377294,2.35498559891,2.35498559891,2.11126054414,2.19908030737,2.03731808766,2.38193461387,2.33212891475,2.33326354986,2.35579300387,2.33372722541,2.37147396376,2.29743017448,2.2658259904,2.29555698537,2.13223813178,2.1967922665,2.1967922665,2.17937029179,2.17465824765,2.22191832629,2.19869446461,2.23418526596,2.26956613088,2.19993836935,2.19529494393,2.19529494393,2.20270960343,2.18409687516,2.18937396113,2.18508183935,2.18171046323,2.1868933467,2.18112628043,2.20438455393,2.20280167693,2.21559792595,2.3987050411,2.39802030268,2.38606778016,
3.10961019162,2.96966035407,3.04829253257,2.92107285852,0.0,2.48501679328,2.58023452026,2.55668451538,2.07593228288,2.51560814425,2.51560814425,2.45003700948,2.3869615814,2.26399366381,2.26399366381,2.26399366381,2.32393607141,2.41220970108,1.90907153481,2.4073641125,2.37899372666,2.31477962282,2.40833226598,2.26460013735,2.2750933801,2.12943098745,2.12943098745,2.12943098745,2.12943098745,2.42248742448,2.31087779429,2.38325515447,2.34591236944,2.15117454372,2.09945437771,2.25962512125,2.28909267851,2.2159959078,2.17229415554,2.32885832497,2.27039992653,2.26090385216,2.29486049555,2.33246647051,2.22346156478,2.27112697811,2.17220698855,2.17220698855,2.2164175482,2.2164175482,2.20922077416,2.17548306954,2.14635967482,2.23761221369,2.19337274653,2.19354579107,2.18724775923,2.18990931156,2.22460815764,2.15768761854,1.9278514751,2.1389731357,2.0975638621,2.04142238324,2.04142238324,2.05636545464,1.97623064985,2.06899711728,2.05271387769,2.09314200912,2.12122946773,2.00507263286,1.98846124703,1.98846124703,2.04065279418,2.0135080867,2.03959748651,2.01995982867,2.03263387272,2.02415269065,2.0224405833,2.05881538537,2.07041096498,2.08286313957,2.2550179398,2.23633084508,2.2377550344,
2.97077525872,2.80048161979,2.88848243758,2.71181970744,2.48501679328,0.0,2.34832805407,2.33288841705,2.26995422816,2.23864358636,2.23864358636,2.21523846696,2.18051441033,2.00559296459,2.00559296459,2.00559296459,1.65944287021,1.670313547,2.03040486583,2.20946839953,2.12334747188,2.19048864313,2.26978394208,2.02057050211,2.03169330357,1.87805584102,1.87805584102,1.87805584102,1.87805584102,2.19111420197,2.01691853539,2.12645866819,2.08418095599,1.72631635896,1.66773478139,1.99470109157,2.05184867641,1.95538303096,1.91703137237,2.05213629247,2.00233251084,2.05374520433,2.02219501511,2.08594852017,2.00075252286,1.95910183074,1.88922440128,1.88922440128,1.9557993405,1.9557993405,1.92380829041,1.81742155951,1.86377790699,1.97899370366,1.9223874289,1.91935174273,1.92671991394,1.91786559101,1.9503412963,1.90483769645,1.80512444742,1.79550506684,1.7945997845,1.77516916939,1.77516916939,1.70203550781,1.77575027204,1.74733380045,1.77560113777,1.80441863043,1.83462486401,1.74369917289,1.72683198143,1.72683198143,1.75071357338,1.73182486038,1.74400164258,1.72436613531,1.73709861704,1.72629037545,1.7299468816,1.77220790325,1.79023004491,1.80210577335,2.02526465846,1.94285454427,1.93641748979,
2.78318212467,2.48485013876,2.55856792488,2.69349426994,2.58023452026,2.34832805407,0.0,1.54112902104,2.23706018777,2.22211291954,2.22211291954,2.09161182386,1.95669245383,1.54885561761,1.54885561761,1.54885561761,2.00468169544,2.11356534891,2.03350304541,2.11059178731,2.089496538,2.07250082138,2.18624057251,1.78684416244,1.77954710528,1.85599385513,1.85599385513,1.85599385513,1.85599385513,1.91733340922,1.93369810319,2.04618719103,2.00451610811,2.05804038759,2.00843162745,1.96117665792,1.81316185185,1.81616729889,1.79611102224,2.03111708581,1.91971405105,1.90591883398,1.83181496828,1.96481031233,1.98429112474,1.84581752935,1.8058850231,1.8058850231,1.36057377714,1.36057377714,1.91304031047,1.87507484613,1.85219169369,1.90927683353,1.83164987997,1.83927627118,1.89084177974,1.81838827103,1.90795742325,1.8194357132,1.76750621371,1.70040430252,1.69786048238,1.73135180007,1.73135180007,1.6497678504,1.75816431923,1.59371342914,1.65812944514,1.59650716217,1.56118709914,1.59510779124,1.61320456313,1.61320456313,1.59277839034,1.61322002771,1.64815560496,1.62106485145,1.59481730706,1.59797470488,1.63875557958,1.67705866364,1.55023165039,1.54687207994,1.63074020572,1.73196947391,1.75712649132,
2.81175382324,2.50014759079,2.3316727268,2.67941604825,2.55668451538,2.33288841705,1.54112902104,0.0,2.18785372383,2.1693700549,2.1693700549,2.08940085064,1.94976496721,1.62065502998,1.62065502998,1.62065502998,1.9711887929,2.08686033477,2.00402867399,2.08410906961,2.08983580922,2.03097971739,2.14639683153,1.75167783284,1.74386817316,1.82111350115,1.82111350115,1.82111350115,1.82111350115,1.9395638245,1.96081384454,2.07323599031,1.9672277836,2.04432614299,1.99381438623,1.96166352348,1.58700014913,1.76479117587,1.7598867364,1.99133412278,1.89135779174,1.88336123693,1.81968524645,1.94731189621,1.95949608869,1.84184626935,1.78495620598,1.78495620598,1.56265649311,1.56265649311,1.89128823079,1.85333345414,1.80894428096,1.8873507866,1.81119008975,1.82657114294,1.8608798407,1.78876356527,1.87917608738,1.8027893316,1.75046725693,1.7191414913,1.65893222603,1.69592368997,1.69592368997,1.60615674974,1.66944351254,1.56780301503,1.639095368,1.59144805043,1.53839404391,1.55874729081,1.57610513737,1.57610513737,1.57965377351,1.59350664936,1.63182353622,1.58793559202,1.56966542731,1.56869674053,1.60543659788,1.65658855996,1.53763353348,1.52089136614,1.71099021744,1.72794953153,1.75271452514,
2.86816714439,2.66304960692,2.75173642585,2.63549093982,2.07593228288,2.26995422816,2.23706018777,2.18785372383,0.0,2.19037258366,2.19037258366,2.12360024542,2.06184398656,1.84159618246,1.84159618246,1.84159618246,1.92745277859,2.01825019579,1.65178147797,2.05441583545,2.04462753097,1.94137433626,2.05226999899,1.85907547925,1.87017392004,1.70130996864,1.70130996864,1.70130996864,1.70130996864,2.12298228928,1.93472124647,2.05006070432,1.947793252,2.04397527593,1.99376868316,1.93649279229,1.91369378601,1.83329322088,1.78858308513,1.96952723043,1.89819985356,1.79957528366,1.90084588233,1.958398707,1.87028067266,1.86533464373,1.77158761476,1.77158761476,1.85181215295,1.85181215295,1.81364402312,1.76698104152,1.73073905253,1.85743243525,1.80342704278,1.80545368432,1.82172001989,1.79345582428,1.83951659204,1.74976634672,1.67400109572,1.74139911984,1.65120411048,1.63666694901,1.63666694901,1.63577470507,1.60889757587,1.64035261905,1.60875137872,1.65748192936,1.68864519171,1.54787270625,1.54084448844,1.54084448844,1.55382448811,1.55815971486,1.6071040296,1.5851115922,1.59231206887,1.57962851069,1.57480783006,1.63838669996,1.64834726124,1.6559573396,1.88015837346,1.8685839611,1.8254944177,
2.88307137759,2.65887607189,2.74606271334,2.65567699432,2.51560814425,2.23864358636,2.22211291954,2.1693700549,2.19037258366,0.0,0.0,1.59532975103,2.02718711159,1.86926670128,1.86926670128,1.86926670128,1.94281654048,2.05218730072,1.95664384623,2.05493057778,2.00722344167,1.96324676627,2.07800345137,1.83923031402,1.8519426647,1.72675046959,1.72675046959,1.72675046959,1.72675046959,1.99638414568,1.8720274498,1.99348291739,1.82722643729,1.95710569448,1.90136322814,1.88896625553,1.88069865905,1.7829890492,1.74672759939,1.95779009801,1.87296617753,1.89521330043,1.82574687222,1.97043858247,1.88847239044,1.66107232364,1.74138131299,1.74138131299,1.7778647867,1.7778647867,1.82602290687,1.760182945,1.73172087977,1.77685817601,1.70849689829,1.72915578384,1.69514503049,1.69889534407,1.75633620924,1.80988508187,1.74200114012,1.56358534279,1.6446120828,1.6270437475,1.6270437475,1.54055944556,1.51788834012,1.5524764938,1.67182816597,1.63754603639,1.59060469852,1.54368135583,1.54782096094,1.54782096094,1.57976802563,1.563304513,1.52922976143,1.45554233336,1.5245156048,1.49044034614,1.54403932923,1.5905936104,1.56248702662,1.53007288265,1.85277498946,1.79599444069,1.80552969345,
2.88307137759,2.65887607189,2.74606271334,2.65567699432,2.51560814425,2.23864358636,2.22211291954,2.1693700549,2.19037258366,0.0,0.0,1.59532975103,2.02718711159,1.86926670128,1.86926670128,1.86926670128,1.94281654048,2.05218730072,1.95664384623,2.05493057778,2.00722344167,1.96324676627,2.07800345137,1.83923031402,1.8519426647,1.72675046959,1.72675046959,1.72675046959,1.72675046959,1.99638414568,1.8720274498,1.99348291739,1.82722643729,1.95710569448,1.90136322814,1.88896625553,1.88069865905,1.7829890492,1.74672759939,1.95779009801,1.87296617753,1.89521330043,1.82574687222,1.97043858247,1.88847239044,1.66107232364,1.74138131299,1.74138131299,1.7778647867,1.7778647867,1.82602290687,1.760182945,1.73172087977,1.77685817601,1.70849689829,1.72915578384,1.69514503049,1.69889534407,1.75633620924,1.80988508187,1.74200114012,1.56358534279,1.6446120828,1.6270437475,1.6270437475,1.54055944556,1.51788834012,1.5524764938,1.67182816597,1.63754603639,1.59060469852,1.54368135583,1.54782096094,1.54782096094,1.57976802563,1.563304513,1.52922976143,1.45554233336,1.5245156048,1.49044034614,1.54403932923,1.5905936104,1.56248702662,1.53007288265,1.85277498946,1.79599444069,1.80552969345,
2.85693395149,2.54881755351,2.64008384172,2.55767903277,2.45003700948,2.21523846696,2.09161182386,2.08940085064,2.12360024542,1.59532975103,1.59532975103,0.0,1.79167204042,1.71278649093,1.71278649093,1.71278649093,1.8144287322,1.91501466407,1.87397022772,1.94926131959,1.76550099027,1.7806491071,1.91712083607,1.75517625819,1.76911378044,1.650956466,1.650956466,1.650956466,1.650956466,1.88329769989,1.84631555937,1.97640316573,1.85448534474,1.83299110689,1.80978030936,1.83560532974,1.71344026421,1.71990105671,1.66712328426,1.75124632293,1.64162210707,1.74102580598,1.77249694391,1.81739255074,1.77750908915,1.72768180768,1.60632216392,1.60632216392,1.58947955275,1.58947955275,1.71020642447,1.65849715132,1.61676040267,1.69968307774,1.62672383784,1.63719964581,1.67159160819,1.62452896519,1.68579778069,1.63516288445,1.58078878095,1.54110407433,1.50788546005,1.48483912136,1.48483912136,1.43448473099,1.45777476337,1.51372872228,1.47017206006,1.49484445579,1.45531317563,1.44107757336,1.44125853585,1.44125853585,1.49504006356,1.4677063911,1.40299012835,1.34824948177,1.38560004883,1.39070797298,1.41985326833,1.45555384671,1.40286136895,1.3892492519,1.63397066399,1.6458938629,1.72726968063,
2.83673969343,2.51817187839,2.61227267165,2.54384781675,2.3869615814,2.18051441033,1.95669245383,1.94976496721,2.06184398656,2.02718711159,2.02718711159,1.79167204042,0.0,1.58710289325,1.58710289325,1.58710289325,1.81291513732,1.93557132375,1.78375784318,1.85340789623,1.89295528048,1.9822163217,2.09506680061,1.69981511857,1.71450243648,1.64300967411,1.64300967411,1.64300967411,1.64300967411,1.74874069422,1.80634227432,1.93540689749,1.70576272268,1.90007955877,1.8416831823,1.75513223509,1.77404841175,1.67091270834,1.61808326601,1.83052841418,1.7403594979,1.67995261942,1.64201357294,1.7182180838,1.76477108065,1.67230227724,1.42780438181,1.42780438181,1.49668300044,1.49668300044,1.67158944846,1.68423093704,1.59278442514,1.6266015687,1.598693524,1.57667105394,1.63625978577,1.51800859057,1.64725667128,1.5105363261,1.46850713117,1.46048862703,1.43920070351,1.35817053679,1.35817053679,1.49528192548,1.41973360612,1.47728945744,1.31083732804,1.30058551409,1.21914569646,1.37449855022,1.37569181965,1.37569181965,1.34432608953,1.3401216202,1.28618953053,1.23228351676,1.25388344213,1.24473482329,1.28456923338,1.37633381322,1.41535689741,1.39401589747,1.43235815884,0.990576337323,1.48525398388,
2.57878848271,2.21320704876,2.17614755704,2.36522204075,2.26399366381,2.00559296459,1.54885561761,1.62065502998,1.84159618246,1.86926670128,1.86926670128,1.71278649093,1.58710289325,0.0,0.0,0.0,1.5637844988,1.70318110518,1.62255756241,1.64871877055,1.7023297088,1.74507432673,1.87549338654,1.39756299744,1.40395158213,1.36097029717,1.36097029717,1.36097029717,1.36097029717,1.81857926308,1.56374464526,1.71706105482,1.39094840516,1.67073242473,1.60710382949,1.57810185095,1.36597129732,1.34102312169,1.29784323414,1.59387618713,1.45482833924,1.48002903848,1.5401367852,1.54842371553,1.51116587731,1.42459439455,1.29713717555,1.29713717555,1.37317606349,1.37317606349,1.42246499405,1.40028608764,1.33475427213,1.36018918627,1.29252859094,1.29468495322,1.36035490248,1.25861697583,1.38440604729,1.22223281516,1.17176719776,1.25671254095,1.18786702171,1.2203684989,1.2203684989,1.15443528455,1.18980786253,1.06101634378,0.97510693013,1.10493849378,1.09918872952,1.0839191243,1.08329203914,1.08329203914,1.0134242597,1.00253149325,1.04460251918,1.05147323821,1.00012774939,1.01062850633,1.02463805831,1.07804230659,1.0071601401,0.987719733661,1.38355215558,1.3910313383,1.28271663763,
2.57878848271,2.21320704876,2.17614755704,2.36522204075,2.26399366381,2.00559296459,1.54885561761,1.62065502998,1.84159618246,1.86926670128,1.86926670128,1.71278649093,1.58710289325,0.0,0.0,0.0,1.5637844988,1.70318110518,1.62255756241,1.64871877055,1.7023297088,1.74507432673,1.87549338654,1.39756299744,1.40395158213,1.36097029717,1.36097029717,1.36097029717,1.36097029717,1.81857926308,1.56374464526,1.71706105482,1.39094840516,1.67073242473,1.60710382949,1.57810185095,1.36597129732,1.34102312169,1.29784323414,1.59387618713,1.45482833924,1.48002903848,1.5401367852,1.54842371553,1.51116587731,1.42459439455,1.29713717555,1.29713717555,1.37317606349,1.37317606349,1.42246499405,1.40028608764,1.33475427213,1.36018918627,1.29252859094,1.29468495322,1.36035490248,1.25861697583,1.38440604729,1.22223281516,1.17176719776,1.25671254095,1.18786702171,1.2203684989,1.2203684989,1.15443528455,1.18980786253,1.06101634378,0.97510693013,1.10493849378,1.09918872952,1.0839191243,1.08329203914,1.08329203914,1.0134242597,1.00253149325,1.04460251918,1.05147323821,1.00012774939,1.01062850633,1.02463805831,1.07804230659,1.0071601401,0.987719733661,1.38355215558,1.3910313383,1.28271663763,
2.57878848271,2.21320704876,2.17614755704,2.36522204075,2.26399366381,2.00559296459,1.54885561761,1.62065502998,1.84159618246,1.86926670128,1.86926670128,1.71278649093,1.58710289325,0.0,0.0,0.0,1.5637844988,1.70318110518,1.62255756241,1.64871877055,1.7023297088,1.74507432673,1.87549338654,1.39756299744,1.40395158213,1.36097029717,1.36097029717,1.36097029717,1.36097029717,1.81857926308,1.56374464526,1.71706105482,1.39094840516,1.67073242473,1.60710382949,1.57810185095,1.36597129732,1.34102312169,1.29784323414,1.59387618713,1.45482833924,1.48002903848,1.5401367852,1.54842371553,1.51116587731,1.42459439455,1.29713717555,1.29713717555,1.37317606349,1.37317606349,1.42246499405,1.40028608764,1.33475427213,1.36018918627,1.29252859094,1.29468495322,1.36035490248,1.25861697583,1.38440604729,1.22223281516,1.17176719776,1.25671254095,1.18786702171,1.2203684989,1.2203684989,1.15443528455,1.18980786253,1.06101634378,0.97510693013,1.10493849378,1.09918872952,1.0839191243,1.08329203914,1.08329203914,1.0134242597,1.00253149325,1.04460251918,1.05147323821,1.00012774939,1.01062850633,1.02463805831,1.07804230659,1.0071601401,0.987719733661,1.38355215558,1.3910313383,1.28271663763,
2.70116198766,2.49901234342,2.59429590148,2.39853817177,2.32393607141,1.65944287021,2.00468169544,1.9711887929,1.92745277859,1.94281654048,1.94281654048,1.8144287322,1.81291513732,1.5637844988,1.5637844988,1.5637844988,0.0,0.268355780484,1.71015928382,1.83912543722,1.68899322502,1.78197174307,1.88708795223,1.61069117571,1.62352871492,1.41932705674,1.41932705674,1.41932705674,1.41932705674,1.81693959636,1.62877774588,1.74613163995,1.69677472922,1.67144200408,1.60339128489,1.6199136503,1.57415255349,1.49548599274,1.43584117448,1.51097251596,1.50758069914,1.61531117617,1.66022433014,1.66191787093,1.57721571593,1.58013744539,1.45684109739,1.45684109739,1.53625106421,1.53625106421,1.46714032414,1.32178854508,1.39082461544,1.55340676553,1.48584062746,1.48123489935,1.50345370526,1.49399530665,1.5391773792,1.46933791855,1.38719629117,1.39492810811,1.26596090662,1.30270106134,1.30270106134,1.12055324533,1.32883983367,1.2866613626,1.28832206131,1.35544401603,1.40774106729,1.27984633947,1.27268508487,1.27268508487,1.29710404123,1.26690572283,1.27016372595,1.24190276782,1.26045039499,1.25426344936,1.25249289652,1.29032434582,1.29196088223,1.30880057404,1.61380380718,1.5671489618,1.58053636371,
2.78940797611,2.57449993024,2.66984291158,2.47667049591,2.41220970108,1.670313547,2.11356534891,2.08686033477,2.01825019579,2.05218730072,2.05218730072,1.91501466407,1.93557132375,1.70318110518,1.70318110518,1.70318110518,0.268355780484,0.0,1.82870216526,1.95165889053,1.81484236953,1.90203375715,1.99572561523,1.74835138708,1.76042982171,1.55738947061,1.55738947061,1.55738947061,1.55738947061,1.9486320862,1.76528301603,1.87207722213,1.81997237029,1.79061813093,1.73792838153,1.75503491312,1.71893507666,1.63229636645,1.57761105598,1.6290561464,1.63485393197,1.74953321112,1.7775655131,1.77799856456,1.70511258667,1.73977821014,1.61699944458,1.61699944458,1.68556353723,1.68556353723,1.58880428874,1.45661908939,1.52225686391,1.70201681439,1.64177545909,1.64239125235,1.66061140054,1.63084775892,1.67397433974,1.60501071268,1.53645042377,1.56662746564,1.39201197988,1.47374981664,1.47374981664,1.27339498482,1.46640900557,1.45794495772,1.43885117504,1.52319016946,1.55392793672,1.42413472616,1.41897783349,1.41897783349,1.4569632044,1.42980296544,1.43005770072,1.40528538172,1.4255891275,1.41653649215,1.40962792304,1.46285510673,1.45999016954,1.47058498436,1.73204041349,1.72744671615,1.714958854,
2.68737507731,2.46779384438,2.56178364507,2.46746894902,1.90907153481,2.03040486583,2.03350304541,2.00402867399,1.65178147797,1.95664384623,1.95664384623,1.87397022772,1.78375784318,1.62255756241,1.62255756241,1.62255756241,1.71015928382,1.82870216526,0.0,1.28186836458,1.78331880287,1.78266739912,1.90268161506,1.6324811382,1.64686012594,1.45583358736,1.45583358736,1.45583358736,1.45583358736,1.83735452656,1.69020401322,1.79054518092,1.73341790928,1.72581177614,1.66477870707,1.63187667964,1.66206698845,1.55843235097,1.49714426647,1.71623728652,1.63597776195,1.64863686901,1.66133487594,1.72796589453,1.59568385323,1.6297400174,1.49374559223,1.49374559223,1.55328476696,1.55328476696,1.55866991451,1.50941997467,1.46759976657,1.58570597359,1.52323128727,1.52377540628,1.51345601848,1.51552784639,1.56740477517,1.450644518,1.27368480243,1.44307984371,1.38819027863,1.23681221268,1.23681221268,1.32194204448,1.1958760894,1.33967591707,1.31132586235,1.3727580964,1.41092144336,1.22607306455,1.20296978598,1.20296978598,1.29926568979,1.25041328606,1.29470104885,1.26152461032,1.28149664784,1.26670304662,1.26648879912,1.32445263418,1.3411763648,1.35889946102,1.60646033027,1.57625415247,1.57980798363,
2.74971897244,2.19729707499,2.30335299841,2.50814840046,2.4073641125,2.20946839953,2.11059178731,2.08410906961,2.05441583545,2.05493057778,2.05493057778,1.94926131959,1.85340789623,1.64871877055,1.64871877055,1.64871877055,1.83912543722,1.95165889053,1.28186836458,0.0,1.93818307942,1.97873581094,2.09240266748,1.72579118617,1.73955514921,1.61418194185,1.61418194185,1.61418194185,1.61418194185,2.0141660777,1.82694855131,1.96012468714,1.71864613104,1.93130394575,1.87396443231,1.74260493538,1.78463501377,1.68556100941,1.63481158592,1.84252335387,1.76497284399,1.74002460437,1.72442838168,1.78719881939,1.73885397654,1.68752922394,1.580224104,1.580224104,1.63588281025,1.63588281025,1.63474615074,1.50152473645,1.55189545712,1.4435645226,1.44328926041,1.52272212746,1.56550531674,1.56693301964,1.61212805861,1.56237907923,1.5350754957,1.56805931607,1.38395066529,1.48725383319,1.48725383319,1.47300424259,1.38181483211,1.48426284285,1.38917173925,1.45169542485,1.42884159692,1.38797963821,1.38726299897,1.38726299897,1.39423378618,1.3841869513,1.39673010416,1.36305288348,1.36489413941,1.3531564912,1.36170117317,1.34991695787,1.39204385972,1.3730564495,1.63116706721,1.63230583805,1.57862957161,
2.76452957893,2.59228386076,2.69093611217,2.50057099943,2.37899372666,2.12334747188,2.089496538,2.08983580922,2.04462753097,2.00722344167,2.00722344167,1.76550099027,1.89295528048,1.7023297088,1.7023297088,1.7023297088,1.68899322502,1.81484236953,1.78331880287,1.93818307942,0.0,1.46790366628,1.48331578085,1.72133071831,1.73428743831,1.53477310975,1.53477310975,1.53477310975,1.53477310975,1.756277162,1.72352668467,1.77553953922,1.83120631595,1.7332166262,1.68900345188,1.70132980501,1.53875380373,1.39521743092,1.31835749285,1.63878663316,1.49053279198,1.72804295143,1.7373571626,1.80970959933,1.69376536662,1.65699350955,1.47098936735,1.47098936735,1.65672786025,1.65672786025,1.61746921153,1.49507616709,1.53355548951,1.64750170076,1.57871127962,1.57006695442,1.57016419127,1.57654686341,1.62712729206,1.62437180549,1.55256271685,1.45944329387,1.46820717226,1.38775915576,1.38775915576,1.16685610718,1.45860793412,1.3797572289,1.46972884857,1.47375396493,1.54151589246,1.41532039647,1.40809507,1.40809507,1.3746750205,1.35889951986,1.40097258391,1.36243363714,1.39555660636,1.38089831176,1.37932858199,1.41808889639,1.41595151228,1.42386608373,1.74058305696,1.65783719695,1.70388003881,
2.79878943188,2.61563642214,2.70426761752,2.5586344546,2.31477962282,2.19048864313,2.07250082138,2.03097971739,1.94137433626,1.96324676627,1.96324676627,1.7806491071,1.9822163217,1.74507432673,1.74507432673,1.74507432673,1.78197174307,1.90203375715,1.78266739912,1.97873581094,1.46790366628,0.0,1.14386878183,1.75112608444,1.76155940715,1.60025173362,1.60025173362,1.60025173362,1.60025173362,1.86685986974,1.76608566365,1.88473239159,1.86707294355,1.8573889721,1.80775285245,1.78306644885,1.69846749527,1.55817952764,1.52285615252,1.74883874153,1.62540302508,1.80797223766,1.70791381115,1.87291609969,1.77068523486,1.66254651942,1.65598408522,1.65598408522,1.67127585655,1.67127585655,1.69707937629,1.60298194777,1.61492180595,1.70358187166,1.63935706068,1.65739905429,1.64442777023,1.63442358405,1.70054970779,1.69455241312,1.62120808736,1.5387728134,1.52696077674,1.50516976762,1.50516976762,1.26158731256,1.49344005473,1.43807800758,1.49874274302,1.53630219729,1.57966359583,1.44472487703,1.4433911203,1.4433911203,1.43341636608,1.42123283072,1.46294173487,1.42225436789,1.46047387079,1.43576251176,1.44463418477,1.48982155606,1.48300169213,1.49073163192,1.74425012318,1.75350081211,1.75250569893,
2.88356544775,2.70547121628,2.7912055811,2.64020025933,2.40833226598,2.26978394208,2.18624057251,2.14639683153,2.05226999899,2.07800345137,2.07800345137,1.91712083607,2.09506680061,1.87549338654,1.87549338654,1.87549338654,1.88708795223,1.99572561523,1.90268161506,2.09240266748,1.48331578085,1.14386878183,0.0,1.87988038977,1.88983210428,1.73314509881,1.73314509881,1.73314509881,1.73314509881,1.99697289433,1.89499335451,2.00749213757,1.9870219482,1.83604373134,1.8119839092,1.90567359829,1.84784302407,1.7210185146,1.68657935616,1.83673196181,1.70017222449,1.92391723863,1.83868655491,1.98973768633,1.88418743711,1.79682514977,1.78930457533,1.78930457533,1.80437763028,1.80437763028,1.81794690273,1.71951432544,1.74537584283,1.83519932755,1.77560582377,1.79206181127,1.78029877976,1.77190919325,1.83227196364,1.82544909303,1.75704110792,1.68255766365,1.66543741465,1.65147161745,1.65147161745,1.40668389957,1.6385117624,1.59237166212,1.64498486627,1.67939324318,1.71954895497,1.59485341905,1.59436378298,1.59436378298,1.57852935347,1.57121714434,1.61248586387,1.57600721974,1.61028493014,1.5880127473,1.59579481659,1.63729098079,1.63204091326,1.64051184552,1.87223051804,1.88033147765,1.87933165743,
2.65146904521,2.40017512699,2.48085965945,2.4104174708,2.26460013735,2.02057050211,1.78684416244,1.75167783284,1.85907547925,1.83923031402,1.83923031402,1.75517625819,1.69981511857,1.39756299744,1.39756299744,1.39756299744,1.61069117571,1.74835138708,1.6324811382,1.72579118617,1.72133071831,1.75112608444,1.87988038977,0.0,0.049332925719,1.26663447586,1.26663447586,1.26663447586,1.26663447586,1.80128579818,1.58830888731,1.7410010154,1.54424152076,1.70278006866,1.63848928658,1.59413911396,1.41724186692,1.43067727713,1.36318035303,1.63449958182,1.51958516702,1.48236072953,1.5136681273,1.61420876122,1.55048514637,1.47189169063,1.34707820574,1.34707820574,1.32821545911,1.32821545911,1.48306955095,1.43350583126,1.37647247048,1.43956259802,1.34567605077,1.3540477279,1.40970037265,1.31024803875,1.42730515377,1.35665792324,1.23671228122,1.28315935846,1.28240772749,1.2147092623,1.2147092623,1.21164759251,1.18236725392,1.15164656798,1.15818764245,1.12785277211,1.21311663201,1.11612261147,1.11099439418,1.11099439418,1.13035606712,1.10212642147,1.09936231953,1.08168925655,1.08170668695,1.09373176338,1.09340214452,1.1250974999,1.07921615245,1.10426242972,1.42451035061,1.46138764245,1.44793558093,
2.65604386657,2.40486658863,2.48292315854,2.41959076574,2.2750933801,2.03169330357,1.77954710528,1.74386817316,1.87017392004,1.8519426647,1.8519426647,1.76911378044,1.71450243648,1.40395158213,1.40395158213,1.40395158213,1.62352871492,1.76042982171,1.64686012594,1.73955514921,1.73428743831,1.76155940715,1.88983210428,0.049332925719,0.0,1.28486205056,1.28486205056,1.28486205056,1.28486205056,1.81471852115,1.6025590565,1.75387787488,1.55868822483,1.71431556955,1.65066957872,1.60884750908,1.42292361088,1.44245820273,1.37626982046,1.64732757066,1.53266285424,1.49691609952,1.5295382044,1.62709746557,1.56542783176,1.48654295931,1.36615137393,1.36615137393,1.34631205287,1.34631205287,1.49837556484,1.44887261724,1.39292973146,1.45496662012,1.36221419914,1.37085635334,1.42571788532,1.32402398348,1.44254192713,1.37491786307,1.25636411268,1.30159015406,1.29938489409,1.23494803297,1.23494803297,1.22595252522,1.20303534483,1.16652430273,1.17918068065,1.15012915702,1.23300821346,1.13729284577,1.13259796421,1.13259796421,1.15211583841,1.12474304926,1.12218974767,1.10405661331,1.10493936147,1.11661540886,1.11680236035,1.1468658215,1.09639458756,1.11951854022,1.44123984627,1.47827052266,1.46514109262,
2.55433794916,2.32510767239,2.4254204161,2.25899272893,2.12943098745,1.87805584102,1.85599385513,1.82111350115,1.70130996864,1.72675046959,1.72675046959,1.650956466,1.64300967411,1.36097029717,1.36097029717,1.36097029717,1.41932705674,1.55738947061,1.45583358736,1.61418194185,1.53477310975,1.60025173362,1.73314509881,1.26663447586,1.28486205056,0.0,0.0,0.0,0.0,1.65374936736,1.41909719465,1.5740064878,1.494178142,1.5459841919,1.4784650906,1.389556936,1.39930239603,1.28327611179,1.21758543075,1.45874014608,1.36232308282,1.34011235744,1.43361764141,1.38131936247,1.19868532526,1.33831630405,1.21287993451,1.21287993451,1.3012077506,1.3012077506,1.23241315518,1.1547408447,1.08325641947,1.32441469656,1.24254954236,1.24411335565,1.25353821534,1.25022179812,1.29447768059,1.24271092267,1.09112701253,1.12229621789,1.06010747167,0.994554224149,0.994554224149,0.968663576095,0.998936267731,0.970217858325,1.03631365772,1.08604918764,1.16429454063,0.931041084359,0.919414120381,0.919414120381,0.976901388382,0.93718214275,0.943198372651,0.908824381343,0.947454636887,0.932183282099,0.919963446243,0.989052900403,1.00631104568,1.03586347757,1.39595624992,1.38439298939,1.37002152469,
2.55433794916,2.32510767239,2.4254204161,2.25899272893,2.12943098745,1.87805584102,1.85599385513,1.82111350115,1.70130996864,1.72675046959,1.72675046959,1.650956466,1.64300967411,1.36097029717,1.36097029717,1.36097029717,1.41932705674,1.55738947061,1.45583358736,1.61418194185,1.53477310975,1.60025173362,1.73314509881,1.26663447586,1.28486205056,0.0,0.0,0.0,0.0,1.65374936736,1.41909719465,1.5740064878,1.494178142,1.5459841919,1.4784650906,1.389556936,1.39930239603,1.28327611179,1.21758543075,1.45874014608,1.36232308282,1.34011235744,1.43361764141,1.38131936247,1.19868532526,1.33831630405,1.21287993451,1.21287993451,1.3012077506,1.3012077506,1.23241315518,1.1547408447,1.08325641947,1.32441469656,1.24254954236,1.24411335565,1.25353821534,1.25022179812,1.29447768059,1.24271092267,1.09112701253,1.12229621789,1.06010747167,0.994554224149,0.994554224149,0.968663576095,0.998936267731,0.970217858325,1.03631365772,1.08604918764,1.16429454063,0.931041084359,0.919414120381,0.919414120381,0.976901388382,0.93718214275,0.943198372651,0.908824381343,0.947454636887,0.932183282099,0.919963446243,0.989052900403,1.00631104568,1.03586347757,1.39595624992,1.38439298939,1.37002152469,
2.55433794916,2.32510767239,2.4254204161,2.25899272893,2.12943098745,1.87805584102,1.85599385513,1.82111350115,1.70130996864,1.72675046959,1.72675046959,1.650956466,1.64300967411,1.36097029717,1.36097029717,1.36097029717,1.41932705674,1.55738947061,1.45583358736,1.61418194185,1.53477310975,1.60025173362,1.73314509881,1.26663447586,1.28486205056,0.0,0.0,0.0,0.0,1.65374936736,1.41909719465,1.5740064878,1.494178142,1.5459841919,1.4784650906,1.389556936,1.39930239603,1.28327611179,1.21758543075,1.45874014608,1.36232308282,1.34011235744,1.43361764141,1.38131936247,1.19868532526,1.33831630405,1.21287993451,1.21287993451,1.3012077506,1.3012077506,1.23241315518,1.1547408447,1.08325641947,1.32441469656,1.24254954236,1.24411335565,1.25353821534,1.25022179812,1.29447768059,1.24271092267,1.09112701253,1.12229621789,1.06010747167,0.994554224149,0.994554224149,0.968663576095,0.998936267731,0.970217858325,1.03631365772,1.08604918764,1.16429454063,0.931041084359,0.919414120381,0.919414120381,0.976901388382,0.93718214275,0.943198372651,0.908824381343,0.947454636887,0.932183282099,0.919963446243,0.989052900403,1.00631104568,1.03586347757,1.39595624992,1.38439298939,1.37002152469,
2.55433794916,2.32510767239,2.4254204161,2.25899272893,2.12943098745,1.87805584102,1.85599385513,1.82111350115,1.70130996864,1.72675046959,1.72675046959,1.650956466,1.64300967411,1.36097029717,1.36097029717,1.36097029717,1.41932705674,1.55738947061,1.45583358736,1.61418194185,1.53477310975,1.60025173362,1.73314509881,1.26663447586,1.28486205056,0.0,0.0,0.0,0.0,1.65374936736,1.41909719465,1.5740064878,1.494178142,1.5459841919,1.4784650906,1.389556936,1.39930239603,1.28327611179,1.21758543075,1.45874014608,1.36232308282,1.34011235744,1.43361764141,1.38131936247,1.19868532526,1.33831630405,1.21287993451,1.21287993451,1.3012077506,1.3012077506,1.23241315518,1.1547408447,1.08325641947,1.32441469656,1.24254954236,1.24411335565,1.25353821534,1.25022179812,1.29447768059,1.24271092267,1.09112701253,1.12229621789,1.06010747167,0.994554224149,0.994554224149,0.968663576095,0.998936267731,0.970217858325,1.03631365772,1.08604918764,1.16429454063,0.931041084359,0.919414120381,0.919414120381,0.976901388382,0.93718214275,0.943198372651,0.908824381343,0.947454636887,0.932183282099,0.919963446243,0.989052900403,1.00631104568,1.03586347757,1.39595624992,1.38439298939,1.37002152469,
2.54943392247,2.67827910456,2.7667717135,2.59175109854,2.42248742448,2.19111420197,1.91733340922,1.9395638245,2.12298228928,1.99638414568,1.99638414568,1.88329769989,1.74874069422,1.81857926308,1.81857926308,1.81857926308,1.81693959636,1.9486320862,1.83735452656,2.0141660777,1.756277162,1.86685986974,1.99697289433,1.80128579818,1.81471852115,1.65374936736,1.65374936736,1.65374936736,1.65374936736,0.0,1.50352290222,1.41343313265,1.92266131866,1.86565967479,1.81389114982,1.701984365,1.62314236348,1.3929162564,1.25873884567,1.83177098375,1.73754886803,1.8231664402,1.65812729748,1.84738409338,1.79727475422,1.57989027322,1.59741780262,1.59741780262,1.43773632114,1.43773632114,1.74480290409,1.63439502642,1.65846620194,1.73280091338,1.68153915397,1.67706888541,1.67835677468,1.68844552053,1.72577473487,1.7431343714,1.67564124295,1.4233305991,1.5227510959,1.41513825733,1.41513825733,1.33678006441,1.5915020852,1.46237336052,1.59592529254,1.52168954219,1.51107543042,1.44507163835,1.45730053184,1.45730053184,1.47487465974,1.47211046403,1.47171451309,1.38982108869,1.45981090392,1.43195626725,1.47579125712,1.51459917774,1.46964525463,1.47473261497,1.60209662436,1.53239275026,1.72915113211,
2.53820688092,2.25575998763,2.60976767712,2.44948072482,2.31087779429,2.01691853539,1.93369810319,1.96081384454,1.93472124647,1.8720274498,1.8720274498,1.84631555937,1.80634227432,1.56374464526,1.56374464526,1.56374464526,1.62877774588,1.76528301603,1.69020401322,1.82694855131,1.72352668467,1.76608566365,1.89499335451,1.58830888731,1.6025590565,1.41909719465,1.41909719465,1.41909719465,1.41909719465,1.50352290222,0.0,0.936033989761,1.69557481653,1.6610453956,1.60092326438,1.57325614484,1.53133339579,1.43170646463,1.34305085083,1.65393946083,1.55310782396,1.65201373254,1.60297251614,1.69834677989,1.57853487642,1.4750927353,1.42955074088,1.42955074088,1.48621568694,1.48621568694,1.52040765687,1.42763853714,1.42934651272,1.5231564856,1.45287047889,1.45411864878,1.45940463375,1.47907019162,1.51804250242,1.49169266726,1.37831731184,1.2916907123,1.36733829539,1.26620940185,1.26620940185,1.13336992635,1.28849954266,1.18769878775,1.32501589095,1.31543267651,1.384228538,1.21842184189,1.21670895717,1.21670895717,1.21953281816,1.19888937597,1.2209604087,1.18915488103,1.22089551003,1.20678467199,1.20691341657,1.25228313162,1.23728227891,1.26184220151,1.58729064124,1.54227073972,1.54259953494,
2.38105690232,2.39035510785,2.70440145356,2.53372601435,2.38325515447,2.12645866819,2.04618719103,2.07323599031,2.05006070432,1.99348291739,1.99348291739,1.97640316573,1.93540689749,1.71706105482,1.71706105482,1.71706105482,1.74613163995,1.87207722213,1.79054518092,1.96012468714,1.77553953922,1.88473239159,2.00749213757,1.7410010154,1.75387787488,1.5740064878,1.5740064878,1.5740064878,1.5740064878,1.41343313265,0.936033989761,0.0,1.83538324134,1.77115361466,1.71845686278,1.67970562267,1.60952543407,1.54519195436,1.36512604965,1.75936921532,1.65288797304,1.78156982202,1.74189656697,1.81776514821,1.71870683391,1.61825442884,1.5965852084,1.5965852084,1.63839728177,1.63839728177,1.66248920209,1.56114817086,1.57717633504,1.67818351491,1.61505093515,1.61666062435,1.61863537468,1.63761565859,1.67451695047,1.6530189173,1.55385202572,1.45977580576,1.49478098433,1.45446608169,1.45446608169,1.21126569701,1.473381841,1.38122656291,1.50172574305,1.49028750079,1.54418493393,1.4009473384,1.40239040473,1.40239040473,1.40754004822,1.38961633722,1.41576441112,1.38481072835,1.41230473953,1.39842670923,1.40342164762,1.44239592725,1.41393873686,1.42828978831,1.73234025776,1.68220743431,1.68414699377,
2.7299464095,2.44288955392,2.53718416692,2.47293270508,2.34591236944,2.08418095599,2.00451610811,1.9672277836,1.947793252,1.82722643729,1.82722643729,1.85448534474,1.70576272268,1.39094840516,1.39094840516,1.39094840516,1.69677472922,1.81997237029,1.73341790928,1.71864613104,1.83120631595,1.86707294355,1.9870219482,1.54424152076,1.55868822483,1.494178142,1.494178142,1.494178142,1.494178142,1.92266131866,1.69557481653,1.83538324134,0.0,1.7797838006,1.71817050395,1.70957835421,1.60064826175,1.5288340985,1.47954392999,1.70678083559,1.61620156146,1.60327424367,1.59131366728,1.68112032915,1.6527395681,1.38563486957,1.44269998558,1.44269998558,1.4959727579,1.4959727579,1.57694571179,1.55978836262,1.47522307737,1.42182795485,1.36594268003,1.38860335635,1.46130286875,1.36199223968,1.48491582424,1.43857361734,1.35225114653,1.31344734927,1.33567417282,1.3894087279,1.3894087279,1.29852277112,1.25894819366,1.32156731061,1.23826679228,1.26342537064,1.19891992681,1.18748930738,1.19484519734,1.19484519734,1.25334423843,1.23867964735,1.13245562145,1.14611062643,1.16246960669,1.14560171323,1.19976938656,1.20285179995,1.2141161394,1.19490590992,1.5118000871,1.48998700194,1.45003601797,
